set1_score: 0.780193236715
set2_score: 1.000000000000
set3_score: 0.741666666667
Duration: 0
