set1_score: 0.835978835979
set2_score: 1.000000000000
set3_score: 0.809440559441
Duration: 0
