set1_score: 0.781467805652
set2_score: 0.785273827587
set3_score: 0.782600831090
Duration: 0
