set1_score: 0.985890652557
set2_score: 0.994318181818
set3_score: 0.928321678322
Duration: 0
