set1_score: -0.999999000000
set2_score: -0.999999000000
set3_score: -0.999999000000
Duration: 0
